108 0.051919 0.648093 0.149878 0.619525 0.156415 0.868574 0.058455 0.897142
46 0.140903 0.583625 0.239010 0.561395 0.244097 0.810819 0.145990 0.833050
128 0.228240 0.535867 0.326458 0.519982 0.330093 0.769688 0.231875 0.785573
84 0.317263 0.499264 0.415555 0.489731 0.417737 0.739625 0.319445 0.749158
10 0.406305 0.484928 0.504634 0.481750 0.505361 0.731738 0.407033 0.734917
2 0.493699 0.481750 0.592028 0.484928 0.591301 0.734917 0.492972 0.731738
52 0.582778 0.489731 0.681070 0.499264 0.678889 0.749158 0.580597 0.739625
11 0.671875 0.519982 0.770093 0.535867 0.766458 0.785573 0.668240 0.769688
19 0.759323 0.561395 0.857430 0.583625 0.852343 0.833050 0.754237 0.810819
123 0.848455 0.619525 0.946415 0.648093 0.939878 0.897142 0.841919 0.868574
