59 0.055527 0.674618 0.145184 0.648471 0.151140 0.875382 0.061482 0.901529
16 0.144453 0.615991 0.234246 0.595645 0.238880 0.822898 0.149088 0.843244
31 0.233397 0.568514 0.323291 0.553976 0.326603 0.781486 0.236709 0.796024
55 0.320692 0.537744 0.410654 0.529019 0.412641 0.756700 0.322679 0.765426
109 0.409671 0.523682 0.499667 0.520773 0.500329 0.748540 0.410333 0.751449
140 0.498667 0.520773 0.588663 0.523682 0.588000 0.751449 0.498004 0.748540
127 0.587679 0.529019 0.677641 0.537744 0.675654 0.765426 0.585692 0.756700
19 0.675042 0.553976 0.764936 0.568514 0.761625 0.796024 0.671730 0.781486
90 0.764088 0.595645 0.853880 0.615991 0.849246 0.843244 0.759453 0.822898
137 0.853149 0.648471 0.942807 0.674618 0.936851 0.901529 0.847193 0.875382
