2 0.023311 0.621568 0.129572 0.590579 0.136689 0.861765 0.030428 0.892754
113 0.117353 0.551260 0.223774 0.527145 0.229313 0.798740 0.122892 0.822855
86 0.211417 0.497664 0.317958 0.480433 0.321916 0.752336 0.215375 0.769567
61 0.305502 0.466339 0.412123 0.455998 0.414498 0.728105 0.307877 0.738446
0 0.399607 0.446175 0.506268 0.442727 0.507060 0.714937 0.400398 0.718384
105 0.492065 0.442727 0.598727 0.446175 0.597935 0.718384 0.491273 0.714937
22 0.586210 0.455998 0.692832 0.466339 0.690456 0.738446 0.583835 0.728105
100 0.680375 0.480433 0.786916 0.497664 0.782958 0.769567 0.676417 0.752336
88 0.774559 0.527145 0.880980 0.551260 0.875441 0.822855 0.769020 0.798740
44 0.868762 0.590579 0.975023 0.621568 0.967905 0.892754 0.861644 0.861765
