242 0.024977 0.621568 0.131238 0.590579 0.138356 0.861765 0.032095 0.892754
95 0.119020 0.551260 0.225441 0.527145 0.230980 0.798740 0.124559 0.822855
217 0.211417 0.497664 0.317958 0.480433 0.321916 0.752336 0.215375 0.769567
252 0.305502 0.466339 0.412123 0.455998 0.414498 0.728105 0.307877 0.738446
373 0.399607 0.446175 0.506268 0.442727 0.507060 0.714937 0.400398 0.718384
56 0.492065 0.442727 0.598727 0.446175 0.597935 0.718384 0.491273 0.714937
232 0.586210 0.455998 0.692832 0.466339 0.690456 0.738446 0.583835 0.728105
40 0.680375 0.480433 0.786916 0.497664 0.782958 0.769567 0.676417 0.752336
322 0.772892 0.527145 0.879313 0.551260 0.873774 0.822855 0.767353 0.798740
232 0.867095 0.590579 0.973356 0.621568 0.966238 0.892754 0.859977 0.861765
