38 0.048860 0.674618 0.138518 0.648471 0.144473 0.875382 0.054816 0.901529
109 0.139453 0.615991 0.229246 0.595645 0.233880 0.822898 0.144088 0.843244
131 0.228397 0.568514 0.318291 0.553976 0.321603 0.781486 0.231709 0.796024
119 0.319025 0.537744 0.408987 0.529019 0.410975 0.756700 0.321013 0.765426
136 0.409671 0.523682 0.499667 0.520773 0.500329 0.748540 0.410333 0.751449
66 0.498667 0.520773 0.588663 0.523682 0.588000 0.751449 0.498004 0.748540
43 0.589346 0.529019 0.679308 0.537744 0.677321 0.765426 0.587359 0.756700
20 0.680042 0.553976 0.769936 0.568514 0.766625 0.796024 0.676730 0.781486
121 0.769088 0.595645 0.858880 0.615991 0.854246 0.843244 0.764453 0.822898
51 0.859816 0.648471 0.949473 0.674618 0.943518 0.901529 0.853860 0.875382
