40 0.028311 0.621568 0.134572 0.590579 0.141689 0.861765 0.035428 0.892754
28 0.120687 0.551260 0.227108 0.527145 0.232647 0.798740 0.126226 0.822855
62 0.214750 0.497664 0.321292 0.480433 0.325250 0.752336 0.218708 0.769567
24 0.307168 0.466339 0.413790 0.455998 0.416165 0.728105 0.309544 0.738446
1 0.399607 0.446175 0.506268 0.442727 0.507060 0.714937 0.400398 0.718384
113 0.492065 0.442727 0.598727 0.446175 0.597935 0.718384 0.491273 0.714937
9 0.584544 0.455998 0.691165 0.466339 0.688790 0.738446 0.582168 0.728105
52 0.677042 0.480433 0.783583 0.497664 0.779625 0.769567 0.673084 0.752336
82 0.771226 0.527145 0.877647 0.551260 0.872108 0.822855 0.765687 0.798740
0 0.863762 0.590579 0.970023 0.621568 0.962905 0.892754 0.856644 0.861765
