122 0.043585 0.648093 0.141545 0.619525 0.148081 0.868574 0.050122 0.897142
110 0.134237 0.583625 0.232343 0.561395 0.237430 0.810819 0.139323 0.833050
34 0.223240 0.535867 0.321458 0.519982 0.325093 0.769688 0.226875 0.785573
111 0.313930 0.499264 0.412222 0.489731 0.414403 0.739625 0.316111 0.749158
3 0.404639 0.484928 0.502967 0.481750 0.503695 0.731738 0.405366 0.734917
33 0.495366 0.481750 0.593695 0.484928 0.592967 0.734917 0.494639 0.731738
73 0.586111 0.489731 0.684403 0.499264 0.682222 0.749158 0.583930 0.739625
66 0.676875 0.519982 0.775093 0.535867 0.771458 0.785573 0.673240 0.769688
110 0.765990 0.561395 0.864097 0.583625 0.859010 0.833050 0.760903 0.810819
83 0.856789 0.619525 0.954748 0.648093 0.948211 0.897142 0.850252 0.868574
