121 0.060527 0.674618 0.150184 0.648471 0.156140 0.875382 0.066482 0.901529
67 0.147786 0.615991 0.237579 0.595645 0.242214 0.822898 0.152421 0.843244
76 0.235064 0.568514 0.324958 0.553976 0.328270 0.781486 0.238375 0.796024
140 0.322359 0.537744 0.412321 0.529019 0.414308 0.756700 0.324346 0.765426
2 0.409671 0.523682 0.499667 0.520773 0.500329 0.748540 0.410333 0.751449
108 0.498667 0.520773 0.588663 0.523682 0.588000 0.751449 0.498004 0.748540
38 0.586013 0.529019 0.675975 0.537744 0.673987 0.765426 0.584025 0.756700
69 0.673375 0.553976 0.763270 0.568514 0.759958 0.796024 0.670064 0.781486
76 0.760754 0.595645 0.850547 0.615991 0.845912 0.843244 0.756120 0.822898
32 0.848149 0.648471 0.937807 0.674618 0.931851 0.901529 0.842193 0.875382
