91 0.038585 0.648093 0.136545 0.619525 0.143081 0.868574 0.045122 0.897142
45 0.130903 0.583625 0.229010 0.561395 0.234097 0.810819 0.135990 0.833050
76 0.221574 0.535867 0.319792 0.519982 0.323426 0.769688 0.225208 0.785573
16 0.312263 0.499264 0.410555 0.489731 0.412737 0.739625 0.314445 0.749158
98 0.404639 0.484928 0.502967 0.481750 0.503695 0.731738 0.405366 0.734917
23 0.495366 0.481750 0.593695 0.484928 0.592967 0.734917 0.494639 0.731738
56 0.587778 0.489731 0.686070 0.499264 0.683889 0.749158 0.585597 0.739625
128 0.678542 0.519982 0.776760 0.535867 0.773125 0.785573 0.674907 0.769688
21 0.769323 0.561395 0.867430 0.583625 0.862343 0.833050 0.764237 0.810819
125 0.861789 0.619525 0.959748 0.648093 0.953211 0.897142 0.855252 0.868574
