127 0.041919 0.648093 0.139878 0.619525 0.146415 0.868574 0.048455 0.897142
2 0.132570 0.583625 0.230677 0.561395 0.235763 0.810819 0.137657 0.833050
34 0.223240 0.535867 0.321458 0.519982 0.325093 0.769688 0.226875 0.785573
37 0.313930 0.499264 0.412222 0.489731 0.414403 0.739625 0.316111 0.749158
66 0.404639 0.484928 0.502967 0.481750 0.503695 0.731738 0.405366 0.734917
57 0.495366 0.481750 0.593695 0.484928 0.592967 0.734917 0.494639 0.731738
88 0.586111 0.489731 0.684403 0.499264 0.682222 0.749158 0.583930 0.739625
20 0.676875 0.519982 0.775093 0.535867 0.771458 0.785573 0.673240 0.769688
126 0.767657 0.561395 0.865763 0.583625 0.860677 0.833050 0.762570 0.810819
19 0.858455 0.619525 0.956415 0.648093 0.949878 0.897142 0.851919 0.868574
