80 0.021644 0.621568 0.127905 0.590579 0.135023 0.861765 0.028762 0.892754
65 0.115687 0.551260 0.222108 0.527145 0.227647 0.798740 0.121226 0.822855
5 0.209750 0.497664 0.316292 0.480433 0.320250 0.752336 0.213708 0.769567
21 0.303835 0.466339 0.410456 0.455998 0.412832 0.728105 0.306210 0.738446
51 0.397940 0.446175 0.504602 0.442727 0.505393 0.714937 0.398732 0.718384
130 0.493732 0.442727 0.600393 0.446175 0.599602 0.718384 0.492940 0.714937
54 0.587877 0.455998 0.694498 0.466339 0.692123 0.738446 0.585502 0.728105
51 0.682042 0.480433 0.788583 0.497664 0.784625 0.769567 0.678084 0.752336
125 0.776226 0.527145 0.882647 0.551260 0.877108 0.822855 0.770687 0.798740
37 0.870428 0.590579 0.976689 0.621568 0.969572 0.892754 0.863311 0.861765
