71 0.050527 0.674618 0.140184 0.648471 0.146140 0.875382 0.056482 0.901529
130 0.139453 0.615991 0.229246 0.595645 0.233880 0.822898 0.144088 0.843244
88 0.230064 0.568514 0.319958 0.553976 0.323270 0.781486 0.233375 0.796024
59 0.319025 0.537744 0.408987 0.529019 0.410975 0.756700 0.321013 0.765426
29 0.409671 0.523682 0.499667 0.520773 0.500329 0.748540 0.410333 0.751449
112 0.498667 0.520773 0.588663 0.523682 0.588000 0.751449 0.498004 0.748540
138 0.589346 0.529019 0.679308 0.537744 0.677321 0.765426 0.587359 0.756700
122 0.678375 0.553976 0.768270 0.568514 0.764958 0.796024 0.675064 0.781486
86 0.769088 0.595645 0.858880 0.615991 0.854246 0.843244 0.764453 0.822898
4 0.858149 0.648471 0.947807 0.674618 0.941851 0.901529 0.852193 0.875382
