141 0.052193 0.674618 0.141851 0.648471 0.147807 0.875382 0.058149 0.901529
23 0.141120 0.615991 0.230912 0.595645 0.235547 0.822898 0.145754 0.843244
111 0.230064 0.568514 0.319958 0.553976 0.323270 0.781486 0.233375 0.796024
28 0.320692 0.537744 0.410654 0.529019 0.412641 0.756700 0.322679 0.765426
51 0.409671 0.523682 0.499667 0.520773 0.500329 0.748540 0.410333 0.751449
114 0.498667 0.520773 0.588663 0.523682 0.588000 0.751449 0.498004 0.748540
130 0.587679 0.529019 0.677641 0.537744 0.675654 0.765426 0.585692 0.756700
77 0.678375 0.553976 0.768270 0.568514 0.764958 0.796024 0.675064 0.781486
110 0.767421 0.595645 0.857214 0.615991 0.852579 0.843244 0.762786 0.822898
13 0.856482 0.648471 0.946140 0.674618 0.940184 0.901529 0.850527 0.875382
