23 0.055527 0.674618 0.145184 0.648471 0.151140 0.875382 0.061482 0.901529
140 0.144453 0.615991 0.234246 0.595645 0.238880 0.822898 0.149088 0.843244
76 0.231730 0.568514 0.321625 0.553976 0.324936 0.781486 0.235042 0.796024
74 0.320692 0.537744 0.410654 0.529019 0.412641 0.756700 0.322679 0.765426
51 0.409671 0.523682 0.499667 0.520773 0.500329 0.748540 0.410333 0.751449
104 0.498667 0.520773 0.588663 0.523682 0.588000 0.751449 0.498004 0.748540
70 0.587679 0.529019 0.677641 0.537744 0.675654 0.765426 0.585692 0.756700
69 0.676709 0.553976 0.766603 0.568514 0.763291 0.796024 0.673397 0.781486
20 0.764088 0.595645 0.853880 0.615991 0.849246 0.843244 0.759453 0.822898
82 0.853149 0.648471 0.942807 0.674618 0.936851 0.901529 0.847193 0.875382
