112 0.045252 0.648093 0.143211 0.619525 0.149748 0.868574 0.051789 0.897142
61 0.134237 0.583625 0.232343 0.561395 0.237430 0.810819 0.139323 0.833050
120 0.224907 0.535867 0.323125 0.519982 0.326760 0.769688 0.228542 0.785573
96 0.315597 0.499264 0.413889 0.489731 0.416070 0.739625 0.317778 0.749158
88 0.404639 0.484928 0.502967 0.481750 0.503695 0.731738 0.405366 0.734917
98 0.495366 0.481750 0.593695 0.484928 0.592967 0.734917 0.494639 0.731738
62 0.584445 0.489731 0.682737 0.499264 0.680555 0.749158 0.582263 0.739625
121 0.675208 0.519982 0.773426 0.535867 0.769792 0.785573 0.671574 0.769688
25 0.765990 0.561395 0.864097 0.583625 0.859010 0.833050 0.760903 0.810819
35 0.855122 0.619525 0.953081 0.648093 0.946545 0.897142 0.848585 0.868574
