93 0.028585 0.648093 0.126545 0.619525 0.133081 0.868574 0.035122 0.897142
15 0.122570 0.583625 0.220677 0.561395 0.225763 0.810819 0.127657 0.833050
33 0.216574 0.535867 0.314792 0.519982 0.318426 0.769688 0.220208 0.785573
6 0.308930 0.499264 0.407222 0.489731 0.409403 0.739625 0.311111 0.749158
14 0.402972 0.484928 0.501301 0.481750 0.502028 0.731738 0.403699 0.734917
134 0.497033 0.481750 0.595361 0.484928 0.594634 0.734917 0.496305 0.731738
45 0.591111 0.489731 0.689403 0.499264 0.687222 0.749158 0.588930 0.739625
103 0.683542 0.519982 0.781760 0.535867 0.778125 0.785573 0.679907 0.769688
66 0.777657 0.561395 0.875763 0.583625 0.870677 0.833050 0.772570 0.810819
85 0.871789 0.619525 0.969748 0.648093 0.963211 0.897142 0.865252 0.868574
