123 0.040252 0.648093 0.138211 0.619525 0.144748 0.868574 0.046789 0.897142
92 0.130903 0.583625 0.229010 0.561395 0.234097 0.810819 0.135990 0.833050
130 0.221574 0.535867 0.319792 0.519982 0.323426 0.769688 0.225208 0.785573
100 0.313930 0.499264 0.412222 0.489731 0.414403 0.739625 0.316111 0.749158
100 0.404639 0.484928 0.502967 0.481750 0.503695 0.731738 0.405366 0.734917
115 0.495366 0.481750 0.593695 0.484928 0.592967 0.734917 0.494639 0.731738
111 0.586111 0.489731 0.684403 0.499264 0.682222 0.749158 0.583930 0.739625
54 0.678542 0.519982 0.776760 0.535867 0.773125 0.785573 0.674907 0.769688
79 0.769323 0.561395 0.867430 0.583625 0.862343 0.833050 0.764237 0.810819
54 0.860122 0.619525 0.958081 0.648093 0.951545 0.897142 0.853585 0.868574
