75 0.046919 0.648093 0.144878 0.619525 0.151415 0.868574 0.053455 0.897142
20 0.135903 0.583625 0.234010 0.561395 0.239097 0.810819 0.140990 0.833050
0 0.226574 0.535867 0.324792 0.519982 0.328426 0.769688 0.230208 0.785573
65 0.315597 0.499264 0.413889 0.489731 0.416070 0.739625 0.317778 0.749158
7 0.404639 0.484928 0.502967 0.481750 0.503695 0.731738 0.405366 0.734917
89 0.495366 0.481750 0.593695 0.484928 0.592967 0.734917 0.494639 0.731738
100 0.584445 0.489731 0.682737 0.499264 0.680555 0.749158 0.582263 0.739625
35 0.673542 0.519982 0.771760 0.535867 0.768125 0.785573 0.669907 0.769688
41 0.764323 0.561395 0.862430 0.583625 0.857343 0.833050 0.759237 0.810819
27 0.853455 0.619525 0.951415 0.648093 0.944878 0.897142 0.846919 0.868574
