28 0.050252 0.648093 0.148211 0.619525 0.154748 0.868574 0.056789 0.897142
127 0.139237 0.583625 0.237343 0.561395 0.242430 0.810819 0.144323 0.833050
20 0.228240 0.535867 0.326458 0.519982 0.330093 0.769688 0.231875 0.785573
55 0.317263 0.499264 0.415555 0.489731 0.417737 0.739625 0.319445 0.749158
19 0.406305 0.484928 0.504634 0.481750 0.505361 0.731738 0.407033 0.734917
45 0.493699 0.481750 0.592028 0.484928 0.591301 0.734917 0.492972 0.731738
41 0.582778 0.489731 0.681070 0.499264 0.678889 0.749158 0.580597 0.739625
138 0.671875 0.519982 0.770093 0.535867 0.766458 0.785573 0.668240 0.769688
53 0.760990 0.561395 0.859097 0.583625 0.854010 0.833050 0.755903 0.810819
127 0.850122 0.619525 0.948081 0.648093 0.941545 0.897142 0.843585 0.868574
