140 0.053585 0.648093 0.151545 0.619525 0.158081 0.868574 0.060122 0.897142
45 0.140903 0.583625 0.239010 0.561395 0.244097 0.810819 0.145990 0.833050
11 0.229907 0.535867 0.328125 0.519982 0.331760 0.769688 0.233542 0.785573
38 0.317263 0.499264 0.415555 0.489731 0.417737 0.739625 0.319445 0.749158
116 0.406305 0.484928 0.504634 0.481750 0.505361 0.731738 0.407033 0.734917
32 0.493699 0.481750 0.592028 0.484928 0.591301 0.734917 0.492972 0.731738
25 0.582778 0.489731 0.681070 0.499264 0.678889 0.749158 0.580597 0.739625
111 0.670208 0.519982 0.768426 0.535867 0.764792 0.785573 0.666574 0.769688
114 0.759323 0.561395 0.857430 0.583625 0.852343 0.833050 0.754237 0.810819
7 0.846789 0.619525 0.944748 0.648093 0.938211 0.897142 0.840252 0.868574
