53 0.057193 0.674618 0.146851 0.648471 0.152807 0.875382 0.063149 0.901529
94 0.144453 0.615991 0.234246 0.595645 0.238880 0.822898 0.149088 0.843244
102 0.233397 0.568514 0.323291 0.553976 0.326603 0.781486 0.236709 0.796024
111 0.322359 0.537744 0.412321 0.529019 0.414308 0.756700 0.324346 0.765426
8 0.409671 0.523682 0.499667 0.520773 0.500329 0.748540 0.410333 0.751449
29 0.498667 0.520773 0.588663 0.523682 0.588000 0.751449 0.498004 0.748540
19 0.586013 0.529019 0.675975 0.537744 0.673987 0.765426 0.584025 0.756700
105 0.675042 0.553976 0.764936 0.568514 0.761625 0.796024 0.671730 0.781486
17 0.764088 0.595645 0.853880 0.615991 0.849246 0.843244 0.759453 0.822898
52 0.851482 0.648471 0.941140 0.674618 0.935184 0.901529 0.845527 0.875382
