91 0.045252 0.648093 0.143211 0.619525 0.149748 0.868574 0.051789 0.897142
67 0.135903 0.583625 0.234010 0.561395 0.239097 0.810819 0.140990 0.833050
62 0.224907 0.535867 0.323125 0.519982 0.326760 0.769688 0.228542 0.785573
70 0.315597 0.499264 0.413889 0.489731 0.416070 0.739625 0.317778 0.749158
108 0.404639 0.484928 0.502967 0.481750 0.503695 0.731738 0.405366 0.734917
0 0.495366 0.481750 0.593695 0.484928 0.592967 0.734917 0.494639 0.731738
109 0.584445 0.489731 0.682737 0.499264 0.680555 0.749158 0.582263 0.739625
0 0.675208 0.519982 0.773426 0.535867 0.769792 0.785573 0.671574 0.769688
54 0.764323 0.561395 0.862430 0.583625 0.857343 0.833050 0.759237 0.810819
20 0.855122 0.619525 0.953081 0.648093 0.946545 0.897142 0.848585 0.868574
