24 0.048585 0.648093 0.146545 0.619525 0.153081 0.868574 0.055122 0.897142
30 0.137570 0.583625 0.235677 0.561395 0.240763 0.810819 0.142657 0.833050
78 0.226574 0.535867 0.324792 0.519982 0.328426 0.769688 0.230208 0.785573
50 0.315597 0.499264 0.413889 0.489731 0.416070 0.739625 0.317778 0.749158
71 0.404639 0.484928 0.502967 0.481750 0.503695 0.731738 0.405366 0.734917
8 0.495366 0.481750 0.593695 0.484928 0.592967 0.734917 0.494639 0.731738
118 0.584445 0.489731 0.682737 0.499264 0.680555 0.749158 0.582263 0.739625
3 0.673542 0.519982 0.771760 0.535867 0.768125 0.785573 0.669907 0.769688
118 0.762657 0.561395 0.860763 0.583625 0.855677 0.833050 0.757570 0.810819
21 0.851789 0.619525 0.949748 0.648093 0.943211 0.897142 0.845252 0.868574
