13 0.029977 0.621568 0.136238 0.590579 0.143356 0.861765 0.037095 0.892754
33 0.122353 0.551260 0.228774 0.527145 0.234313 0.798740 0.127892 0.822855
7 0.214750 0.497664 0.321292 0.480433 0.325250 0.752336 0.218708 0.769567
137 0.307168 0.466339 0.413790 0.455998 0.416165 0.728105 0.309544 0.738446
17 0.399607 0.446175 0.506268 0.442727 0.507060 0.714937 0.400398 0.718384
23 0.492065 0.442727 0.598727 0.446175 0.597935 0.718384 0.491273 0.714937
85 0.584544 0.455998 0.691165 0.466339 0.688790 0.738446 0.582168 0.728105
127 0.677042 0.480433 0.783583 0.497664 0.779625 0.769567 0.673084 0.752336
139 0.769559 0.527145 0.875980 0.551260 0.870441 0.822855 0.764020 0.798740
112 0.862095 0.590579 0.968356 0.621568 0.961238 0.892754 0.854977 0.861765
