89 0.030252 0.648093 0.128211 0.619525 0.134748 0.868574 0.036789 0.897142
3 0.122570 0.583625 0.220677 0.561395 0.225763 0.810819 0.127657 0.833050
110 0.216574 0.535867 0.314792 0.519982 0.318426 0.769688 0.220208 0.785573
122 0.310597 0.499264 0.408889 0.489731 0.411070 0.739625 0.312778 0.749158
45 0.402972 0.484928 0.501301 0.481750 0.502028 0.731738 0.403699 0.734917
66 0.497033 0.481750 0.595361 0.484928 0.594634 0.734917 0.496305 0.731738
36 0.589445 0.489731 0.687737 0.499264 0.685555 0.749158 0.587263 0.739625
8 0.683542 0.519982 0.781760 0.535867 0.778125 0.785573 0.679907 0.769688
105 0.777657 0.561395 0.875763 0.583625 0.870677 0.833050 0.772570 0.810819
139 0.870122 0.619525 0.968081 0.648093 0.961545 0.897142 0.863585 0.868574
