88 0.047193 0.674618 0.136851 0.648471 0.142807 0.875382 0.053149 0.901529
6 0.137786 0.615991 0.227579 0.595645 0.232214 0.822898 0.142421 0.843244
67 0.228397 0.568514 0.318291 0.553976 0.321603 0.781486 0.231709 0.796024
99 0.319025 0.537744 0.408987 0.529019 0.410975 0.756700 0.321013 0.765426
8 0.409671 0.523682 0.499667 0.520773 0.500329 0.748540 0.410333 0.751449
5 0.498667 0.520773 0.588663 0.523682 0.588000 0.751449 0.498004 0.748540
121 0.589346 0.529019 0.679308 0.537744 0.677321 0.765426 0.587359 0.756700
94 0.680042 0.553976 0.769936 0.568514 0.766625 0.796024 0.676730 0.781486
122 0.770754 0.595645 0.860547 0.615991 0.855912 0.843244 0.766120 0.822898
27 0.861482 0.648471 0.951140 0.674618 0.945184 0.901529 0.855527 0.875382
