95 0.026919 0.648093 0.124878 0.619525 0.131415 0.868574 0.033455 0.897142
60 0.120903 0.583625 0.219010 0.561395 0.224097 0.810819 0.125990 0.833050
64 0.214907 0.535867 0.313125 0.519982 0.316760 0.769688 0.218542 0.785573
92 0.308930 0.499264 0.407222 0.489731 0.409403 0.739625 0.311111 0.749158
49 0.402972 0.484928 0.501301 0.481750 0.502028 0.731738 0.403699 0.734917
119 0.497033 0.481750 0.595361 0.484928 0.594634 0.734917 0.496305 0.731738
123 0.591111 0.489731 0.689403 0.499264 0.687222 0.749158 0.588930 0.739625
141 0.685208 0.519982 0.783426 0.535867 0.779792 0.785573 0.681574 0.769688
4 0.779323 0.561395 0.877430 0.583625 0.872343 0.833050 0.774237 0.810819
45 0.873455 0.619525 0.971415 0.648093 0.964878 0.897142 0.866919 0.868574
