88 0.028311 0.621568 0.134572 0.590579 0.141689 0.861765 0.035428 0.892754
25 0.122353 0.551260 0.228774 0.527145 0.234313 0.798740 0.127892 0.822855
67 0.214750 0.497664 0.321292 0.480433 0.325250 0.752336 0.218708 0.769567
27 0.307168 0.466339 0.413790 0.455998 0.416165 0.728105 0.309544 0.738446
11 0.399607 0.446175 0.506268 0.442727 0.507060 0.714937 0.400398 0.718384
102 0.492065 0.442727 0.598727 0.446175 0.597935 0.718384 0.491273 0.714937
23 0.584544 0.455998 0.691165 0.466339 0.688790 0.738446 0.582168 0.728105
24 0.677042 0.480433 0.783583 0.497664 0.779625 0.769567 0.673084 0.752336
137 0.769559 0.527145 0.875980 0.551260 0.870441 0.822855 0.764020 0.798740
41 0.863762 0.590579 0.970023 0.621568 0.962905 0.892754 0.856644 0.861765
