26 0.023585 0.648093 0.121545 0.619525 0.128081 0.868574 0.030122 0.897142
136 0.119237 0.583625 0.217343 0.561395 0.222430 0.810819 0.124323 0.833050
103 0.213240 0.535867 0.311458 0.519982 0.315093 0.769688 0.216875 0.785573
74 0.307263 0.499264 0.405555 0.489731 0.407737 0.739625 0.309445 0.749158
32 0.402972 0.484928 0.501301 0.481750 0.502028 0.731738 0.403699 0.734917
116 0.497033 0.481750 0.595361 0.484928 0.594634 0.734917 0.496305 0.731738
18 0.592778 0.489731 0.691070 0.499264 0.688889 0.749158 0.590597 0.739625
26 0.686875 0.519982 0.785093 0.535867 0.781458 0.785573 0.683240 0.769688
125 0.780990 0.561395 0.879097 0.583625 0.874010 0.833050 0.775903 0.810819
60 0.876789 0.619525 0.974748 0.648093 0.968211 0.897142 0.870252 0.868574
