77 0.021919 0.648093 0.119878 0.619525 0.126415 0.868574 0.028455 0.897142
8 0.117570 0.583625 0.215677 0.561395 0.220763 0.810819 0.122657 0.833050
115 0.211574 0.535867 0.309792 0.519982 0.313426 0.769688 0.215208 0.785573
100 0.307263 0.499264 0.405555 0.489731 0.407737 0.739625 0.309445 0.749158
102 0.402972 0.484928 0.501301 0.481750 0.502028 0.731738 0.403699 0.734917
24 0.497033 0.481750 0.595361 0.484928 0.594634 0.734917 0.496305 0.731738
67 0.592778 0.489731 0.691070 0.499264 0.688889 0.749158 0.590597 0.739625
52 0.688542 0.519982 0.786760 0.535867 0.783125 0.785573 0.684907 0.769688
65 0.782657 0.561395 0.880763 0.583625 0.875677 0.833050 0.777570 0.810819
9 0.878455 0.619525 0.976415 0.648093 0.969878 0.897142 0.871919 0.868574
