63 0.036919 0.648093 0.134878 0.619525 0.141415 0.868574 0.043455 0.897142
28 0.129237 0.583625 0.227343 0.561395 0.232430 0.810819 0.134323 0.833050
129 0.219907 0.535867 0.318125 0.519982 0.321760 0.769688 0.223542 0.785573
98 0.312263 0.499264 0.410555 0.489731 0.412737 0.739625 0.314445 0.749158
23 0.404639 0.484928 0.502967 0.481750 0.503695 0.731738 0.405366 0.734917
33 0.495366 0.481750 0.593695 0.484928 0.592967 0.734917 0.494639 0.731738
51 0.587778 0.489731 0.686070 0.499264 0.683889 0.749158 0.585597 0.739625
5 0.680208 0.519982 0.778426 0.535867 0.774792 0.785573 0.676574 0.769688
38 0.770990 0.561395 0.869097 0.583625 0.864010 0.833050 0.765903 0.810819
135 0.863455 0.619525 0.961415 0.648093 0.954878 0.897142 0.856919 0.868574
