66 0.058860 0.674618 0.148518 0.648471 0.154473 0.875382 0.064816 0.901529
26 0.146120 0.615991 0.235912 0.595645 0.240547 0.822898 0.150754 0.843244
107 0.233397 0.568514 0.323291 0.553976 0.326603 0.781486 0.236709 0.796024
36 0.322359 0.537744 0.412321 0.529019 0.414308 0.756700 0.324346 0.765426
62 0.409671 0.523682 0.499667 0.520773 0.500329 0.748540 0.410333 0.751449
14 0.498667 0.520773 0.588663 0.523682 0.588000 0.751449 0.498004 0.748540
102 0.586013 0.529019 0.675975 0.537744 0.673987 0.765426 0.584025 0.756700
67 0.675042 0.553976 0.764936 0.568514 0.761625 0.796024 0.671730 0.781486
63 0.762421 0.595645 0.852214 0.615991 0.847579 0.843244 0.757786 0.822898
9 0.849816 0.648471 0.939473 0.674618 0.933518 0.901529 0.843860 0.875382
