27 0.033311 0.621568 0.139572 0.590579 0.146689 0.861765 0.040428 0.892754
108 0.125687 0.551260 0.232108 0.527145 0.237647 0.798740 0.131226 0.822855
51 0.216417 0.497664 0.322958 0.480433 0.326916 0.752336 0.220375 0.769567
115 0.308835 0.466339 0.415456 0.455998 0.417832 0.728105 0.311210 0.738446
39 0.399607 0.446175 0.506268 0.442727 0.507060 0.714937 0.400398 0.718384
51 0.492065 0.442727 0.598727 0.446175 0.597935 0.718384 0.491273 0.714937
19 0.582877 0.455998 0.689498 0.466339 0.687123 0.738446 0.580502 0.728105
104 0.675375 0.480433 0.781916 0.497664 0.777958 0.769567 0.671417 0.752336
62 0.766226 0.527145 0.872647 0.551260 0.867108 0.822855 0.760687 0.798740
115 0.858762 0.590579 0.965023 0.621568 0.957905 0.892754 0.851644 0.861765
