92 0.040252 0.648093 0.138211 0.619525 0.144748 0.868574 0.046789 0.897142
78 0.130903 0.583625 0.229010 0.561395 0.234097 0.810819 0.135990 0.833050
123 0.223240 0.535867 0.321458 0.519982 0.325093 0.769688 0.226875 0.785573
125 0.313930 0.499264 0.412222 0.489731 0.414403 0.739625 0.316111 0.749158
72 0.404639 0.484928 0.502967 0.481750 0.503695 0.731738 0.405366 0.734917
72 0.495366 0.481750 0.593695 0.484928 0.592967 0.734917 0.494639 0.731738
116 0.586111 0.489731 0.684403 0.499264 0.682222 0.749158 0.583930 0.739625
42 0.676875 0.519982 0.775093 0.535867 0.771458 0.785573 0.673240 0.769688
22 0.769323 0.561395 0.867430 0.583625 0.862343 0.833050 0.764237 0.810819
133 0.860122 0.619525 0.958081 0.648093 0.951545 0.897142 0.853585 0.868574
