38 0.035252 0.648093 0.133211 0.619525 0.139748 0.868574 0.041789 0.897142
94 0.127570 0.583625 0.225677 0.561395 0.230763 0.810819 0.132657 0.833050
64 0.219907 0.535867 0.318125 0.519982 0.321760 0.769688 0.223542 0.785573
31 0.312263 0.499264 0.410555 0.489731 0.412737 0.739625 0.314445 0.749158
130 0.404639 0.484928 0.502967 0.481750 0.503695 0.731738 0.405366 0.734917
49 0.495366 0.481750 0.593695 0.484928 0.592967 0.734917 0.494639 0.731738
5 0.587778 0.489731 0.686070 0.499264 0.683889 0.749158 0.585597 0.739625
124 0.680208 0.519982 0.778426 0.535867 0.774792 0.785573 0.676574 0.769688
88 0.772657 0.561395 0.870763 0.583625 0.865677 0.833050 0.767570 0.810819
94 0.865122 0.619525 0.963081 0.648093 0.956545 0.897142 0.858585 0.868574
